time	V(out)
Step Information: Index=2  (Run: 2/5)
0.000000000000000e+000	-1.522901e-001
1.000000000000566e-007	-1.514401e-001
2.999999999999531e-007	-1.482012e-001
5.999999999999062e-007	-1.390395e-001
9.999999999999159e-007	-1.216170e-001
1.279999999999771e-006	-1.057784e-001
1.599999999999822e-006	-8.903150e-002
2.239999999999924e-006	-5.899629e-002
3.239999999999840e-006	-1.875604e-002
4.239999999999756e-006	1.443848e-002
5.239999999999672e-006	4.119101e-002
6.239999999999588e-006	6.275175e-002
7.239999999999504e-006	8.012824e-002
8.239999999999420e-006	9.413251e-002
9.239999999999336e-006	1.054190e-001
1.023999999999925e-005	1.145152e-001
1.123999999999917e-005	1.218461e-001
1.223999999999908e-005	1.277543e-001
1.323999999999900e-005	1.325159e-001
1.423999999999892e-005	1.363534e-001
1.523999999999883e-005	1.394462e-001
1.623999999999875e-005	1.419388e-001
1.723999999999866e-005	1.439476e-001
1.823999999999858e-005	1.455666e-001
1.923999999999849e-005	1.468714e-001
2.023999999999841e-005	1.479230e-001
2.123999999999833e-005	1.487705e-001
2.223999999999824e-005	1.494536e-001
2.323999999999816e-005	1.500040e-001
2.423999999999807e-005	1.504477e-001
2.523999999999799e-005	1.508052e-001
2.623999999999791e-005	1.510934e-001
2.723999999999782e-005	1.513256e-001
2.823999999999774e-005	1.515128e-001
2.923999999999765e-005	1.516636e-001
3.023999999999757e-005	1.517852e-001
3.123999999999749e-005	1.518832e-001
3.223999999999740e-005	1.519622e-001
3.323999999999732e-005	1.520258e-001
3.423999999999723e-005	1.520771e-001
3.623999999999706e-005	1.521517e-001
3.823999999999690e-005	1.522002e-001
4.123999999999664e-005	1.522430e-001
4.523999999999631e-005	1.522702e-001
5.323999999999564e-005	1.522865e-001
1.010000000000000e-004	1.522901e-001
1.011000000000000e-004	1.514401e-001
1.012999999999999e-004	1.482012e-001
1.015999999999999e-004	1.390395e-001
1.020000000000001e-004	1.216170e-001
1.022800000000000e-004	1.057784e-001
1.026000000000000e-004	8.903150e-002
1.032400000000001e-004	5.899629e-002
1.042400000000000e-004	1.875604e-002
1.052399999999999e-004	-1.443848e-002
1.062399999999999e-004	-4.119101e-002
1.072399999999998e-004	-6.275175e-002
1.082399999999997e-004	-8.012824e-002
1.092399999999996e-004	-9.413251e-002
1.102399999999995e-004	-1.054190e-001
1.112399999999994e-004	-1.145152e-001
1.122399999999994e-004	-1.218461e-001
1.132399999999993e-004	-1.277543e-001
1.142399999999992e-004	-1.325159e-001
1.152399999999991e-004	-1.363534e-001
1.162399999999990e-004	-1.394462e-001
1.172399999999989e-004	-1.419388e-001
1.182399999999988e-004	-1.439476e-001
1.192399999999988e-004	-1.455666e-001
1.202399999999987e-004	-1.468714e-001
1.212399999999986e-004	-1.479230e-001
1.222399999999985e-004	-1.487705e-001
1.232399999999984e-004	-1.494536e-001
1.242399999999983e-004	-1.500040e-001
1.252399999999983e-004	-1.504477e-001
1.262399999999982e-004	-1.508052e-001
1.272399999999981e-004	-1.510934e-001
1.282399999999980e-004	-1.513256e-001
1.292399999999979e-004	-1.515128e-001
1.302399999999978e-004	-1.516636e-001
1.312399999999978e-004	-1.517852e-001
1.322399999999977e-004	-1.518832e-001
1.332399999999976e-004	-1.519622e-001
1.342399999999975e-004	-1.520258e-001
1.352399999999974e-004	-1.520771e-001
1.372399999999972e-004	-1.521517e-001
1.392399999999971e-004	-1.522002e-001
1.422399999999968e-004	-1.522430e-001
1.462399999999965e-004	-1.522702e-001
1.542399999999958e-004	-1.522865e-001
2.000000000000001e-004	-1.522901e-001
2.001000000000002e-004	-1.514401e-001
2.003000000000000e-004	-1.482012e-001
2.006000000000000e-004	-1.390395e-001
2.010000000000000e-004	-1.216170e-001
2.012799999999999e-004	-1.057784e-001
2.015999999999999e-004	-8.903150e-002
2.022400000000000e-004	-5.899629e-002
2.032399999999999e-004	-1.875604e-002
2.042399999999999e-004	1.443848e-002
2.052399999999998e-004	4.119101e-002
2.062399999999997e-004	6.275175e-002
2.072399999999996e-004	8.012824e-002
2.082399999999995e-004	9.413251e-002
2.092399999999994e-004	1.054190e-001
2.102399999999993e-004	1.145152e-001
2.112399999999993e-004	1.218461e-001
2.122399999999992e-004	1.277543e-001
2.132399999999991e-004	1.325159e-001
2.142399999999990e-004	1.363534e-001
2.152399999999989e-004	1.394462e-001
2.162399999999988e-004	1.419388e-001
2.172399999999988e-004	1.439476e-001
2.182399999999987e-004	1.455666e-001
2.192399999999986e-004	1.468714e-001
2.202399999999985e-004	1.479230e-001
2.212399999999984e-004	1.487705e-001
2.222399999999983e-004	1.494536e-001
2.232399999999983e-004	1.500040e-001
2.242399999999982e-004	1.504477e-001
2.252399999999981e-004	1.508052e-001
2.262399999999980e-004	1.510934e-001
2.272399999999979e-004	1.513256e-001
2.282399999999978e-004	1.515128e-001
2.292399999999977e-004	1.516636e-001
2.302399999999977e-004	1.517852e-001
2.312399999999976e-004	1.518832e-001
2.322399999999975e-004	1.519622e-001
2.332399999999974e-004	1.520258e-001
2.342399999999973e-004	1.520771e-001
2.362399999999972e-004	1.521517e-001
2.382399999999970e-004	1.522002e-001
2.412399999999967e-004	1.522430e-001
2.452399999999964e-004	1.522702e-001
2.532399999999957e-004	1.522865e-001
2.772399999999937e-004	1.522901e-001
3.010000000000001e-004	1.522901e-001
3.011000000000001e-004	1.514401e-001
3.013000000000000e-004	1.482012e-001
3.016000000000000e-004	1.390395e-001
3.020000000000002e-004	1.216170e-001
3.022800000000000e-004	1.057784e-001
3.026000000000001e-004	8.903150e-002
3.032400000000002e-004	5.899629e-002
3.042400000000001e-004	1.875604e-002
3.052400000000000e-004	-1.443848e-002
3.062399999999999e-004	-4.119101e-002
3.072399999999999e-004	-6.275175e-002
3.082399999999998e-004	-8.012824e-002
3.092399999999997e-004	-9.413251e-002
3.102399999999996e-004	-1.054190e-001
3.112399999999995e-004	-1.145152e-001
3.122399999999994e-004	-1.218461e-001
3.132399999999994e-004	-1.277543e-001
3.142399999999993e-004	-1.325159e-001
3.152399999999992e-004	-1.363534e-001
3.162399999999991e-004	-1.394462e-001
3.172399999999990e-004	-1.419388e-001
3.182399999999989e-004	-1.439476e-001
3.192399999999989e-004	-1.455666e-001
3.202399999999988e-004	-1.468714e-001
3.212399999999987e-004	-1.479230e-001
3.222399999999986e-004	-1.487705e-001
3.232399999999985e-004	-1.494536e-001
3.242399999999984e-004	-1.500040e-001
3.252399999999983e-004	-1.504477e-001
3.262399999999983e-004	-1.508052e-001
3.272399999999982e-004	-1.510934e-001
3.282399999999981e-004	-1.513256e-001
3.292399999999980e-004	-1.515128e-001
3.302399999999979e-004	-1.516636e-001
3.312399999999978e-004	-1.517852e-001
3.322399999999978e-004	-1.518832e-001
3.332399999999977e-004	-1.519622e-001
3.342399999999976e-004	-1.520258e-001
3.352399999999975e-004	-1.520771e-001
3.372399999999973e-004	-1.521517e-001
3.392399999999972e-004	-1.522002e-001
3.422399999999969e-004	-1.522430e-001
3.462399999999966e-004	-1.522702e-001
3.542399999999959e-004	-1.522865e-001
4.000000000000002e-004	-1.522901e-001
4.001000000000002e-004	-1.514401e-001
4.003000000000001e-004	-1.482012e-001
4.006000000000001e-004	-1.390395e-001
4.009999999999999e-004	-1.216170e-001
4.012799999999997e-004	-1.057784e-001
4.015999999999996e-004	-8.903150e-002
4.022399999999992e-004	-5.899629e-002
4.032399999999992e-004	-1.875604e-002
4.042399999999991e-004	1.443848e-002
4.052399999999990e-004	4.119101e-002
4.062399999999989e-004	6.275175e-002
4.072399999999988e-004	8.012824e-002
4.082399999999987e-004	9.413251e-002
4.092399999999987e-004	1.054190e-001
4.102399999999986e-004	1.145152e-001
4.112399999999985e-004	1.218461e-001
4.122399999999984e-004	1.277543e-001
4.132399999999983e-004	1.325159e-001
4.142399999999982e-004	1.363534e-001
4.152399999999982e-004	1.394462e-001
4.162399999999981e-004	1.419388e-001
4.172399999999980e-004	1.439476e-001
4.182399999999979e-004	1.455666e-001
4.192399999999978e-004	1.468714e-001
4.202399999999977e-004	1.479230e-001
4.212399999999976e-004	1.487705e-001
4.222399999999976e-004	1.494536e-001
4.232399999999975e-004	1.500040e-001
4.242399999999974e-004	1.504477e-001
4.252399999999973e-004	1.508052e-001
4.262399999999972e-004	1.510934e-001
4.272399999999971e-004	1.513256e-001
4.282399999999971e-004	1.515128e-001
4.292399999999970e-004	1.516636e-001
4.302399999999969e-004	1.517852e-001
4.312399999999968e-004	1.518832e-001
4.322399999999967e-004	1.519622e-001
4.332399999999966e-004	1.520258e-001
4.342399999999966e-004	1.520771e-001
4.362399999999964e-004	1.521517e-001
4.382399999999962e-004	1.522002e-001
4.412399999999960e-004	1.522430e-001
4.452399999999956e-004	1.522702e-001
4.532399999999950e-004	1.522865e-001
5.009999999999999e-004	1.522901e-001
5.011000000000000e-004	1.514401e-001
5.012999999999999e-004	1.482012e-001
5.015999999999998e-004	1.390395e-001
5.020000000000001e-004	1.216170e-001
5.022799999999999e-004	1.057784e-001
5.026000000000000e-004	8.903150e-002
5.032400000000001e-004	5.899629e-002
5.042400000000000e-004	1.875604e-002
5.052399999999999e-004	-1.443848e-002
5.062399999999998e-004	-4.119101e-002
5.072399999999997e-004	-6.275175e-002
5.082399999999997e-004	-8.012824e-002
5.092399999999996e-004	-9.413251e-002
5.102399999999995e-004	-1.054190e-001
5.112399999999994e-004	-1.145152e-001
5.122399999999993e-004	-1.218461e-001
5.132399999999992e-004	-1.277543e-001
5.142399999999991e-004	-1.325159e-001
5.152399999999991e-004	-1.363534e-001
5.162399999999990e-004	-1.394462e-001
5.172399999999989e-004	-1.419388e-001
5.182399999999988e-004	-1.439476e-001
5.192399999999987e-004	-1.455666e-001
5.202399999999986e-004	-1.468714e-001
5.212399999999986e-004	-1.479230e-001
5.222399999999985e-004	-1.487705e-001
5.232399999999984e-004	-1.494536e-001
5.242399999999983e-004	-1.500040e-001
5.252399999999982e-004	-1.504477e-001
5.262399999999981e-004	-1.508052e-001
5.272399999999981e-004	-1.510934e-001
5.282399999999980e-004	-1.513256e-001
5.292399999999979e-004	-1.515128e-001
5.302399999999978e-004	-1.516636e-001
5.312399999999977e-004	-1.517852e-001
5.322399999999976e-004	-1.518832e-001
5.332399999999975e-004	-1.519622e-001
5.342399999999975e-004	-1.520258e-001
5.352399999999974e-004	-1.520771e-001
5.372399999999972e-004	-1.521517e-001
5.392399999999970e-004	-1.522002e-001
5.422399999999968e-004	-1.522430e-001
5.462399999999965e-004	-1.522702e-001
5.542399999999958e-004	-1.522865e-001
5.562399999999956e-004	-1.522878e-001
6.000000000000001e-004	-1.522901e-001
6.001000000000001e-004	-1.514401e-001
6.003000000000000e-004	-1.482012e-001
6.006000000000000e-004	-1.390395e-001
6.010000000000000e-004	-1.216170e-001
6.012799999999998e-004	-1.057784e-001
6.015999999999999e-004	-8.903150e-002
6.022400000000000e-004	-5.899629e-002
6.032399999999999e-004	-1.875604e-002
6.042399999999998e-004	1.443848e-002
6.052399999999997e-004	4.119101e-002
6.062399999999996e-004	6.275175e-002
6.072399999999996e-004	8.012824e-002
6.082399999999995e-004	9.413251e-002
6.092399999999994e-004	1.054190e-001
6.102399999999993e-004	1.145152e-001
6.112399999999992e-004	1.218461e-001
6.122399999999991e-004	1.277543e-001
6.132399999999991e-004	1.325159e-001
6.142399999999990e-004	1.363534e-001
6.152399999999989e-004	1.394462e-001
6.162399999999988e-004	1.419388e-001
6.172399999999987e-004	1.439476e-001
6.182399999999986e-004	1.455666e-001
6.192399999999986e-004	1.468714e-001
6.202399999999985e-004	1.479230e-001
6.212399999999984e-004	1.487705e-001
6.222399999999983e-004	1.494536e-001
6.232399999999982e-004	1.500040e-001
6.242399999999981e-004	1.504477e-001
6.252399999999981e-004	1.508052e-001
6.262399999999980e-004	1.510934e-001
6.272399999999979e-004	1.513256e-001
6.282399999999978e-004	1.515128e-001
6.292399999999977e-004	1.516636e-001
6.302399999999976e-004	1.517852e-001
6.312399999999975e-004	1.518832e-001
6.322399999999975e-004	1.519622e-001
6.332399999999974e-004	1.520258e-001
6.342399999999973e-004	1.520771e-001
6.362399999999971e-004	1.521517e-001
6.382399999999970e-004	1.522002e-001
6.412399999999967e-004	1.522430e-001
6.452399999999964e-004	1.522702e-001
6.532399999999957e-004	1.522865e-001
7.010000000000000e-004	1.522901e-001
7.011000000000001e-004	1.514401e-001
7.013000000000000e-004	1.482012e-001
7.015999999999999e-004	1.390395e-001
7.020000000000002e-004	1.216170e-001
7.022800000000000e-004	1.057784e-001
7.026000000000001e-004	8.903150e-002
7.032400000000002e-004	5.899629e-002
7.042400000000001e-004	1.875604e-002
7.052400000000000e-004	-1.443848e-002
7.062399999999999e-004	-4.119101e-002
7.072399999999998e-004	-6.275175e-002
7.082399999999997e-004	-8.012824e-002
7.092399999999997e-004	-9.413251e-002
7.102399999999996e-004	-1.054190e-001
7.112399999999995e-004	-1.145152e-001
7.122399999999994e-004	-1.218461e-001
7.132399999999993e-004	-1.277543e-001
7.142399999999992e-004	-1.325159e-001
7.152399999999992e-004	-1.363534e-001
7.162399999999991e-004	-1.394462e-001
7.172399999999990e-004	-1.419388e-001
7.182399999999989e-004	-1.439476e-001
7.192399999999988e-004	-1.455666e-001
7.202399999999987e-004	-1.468714e-001
7.212399999999986e-004	-1.479230e-001
7.222399999999986e-004	-1.487705e-001
7.232399999999985e-004	-1.494536e-001
7.242399999999984e-004	-1.500040e-001
7.252399999999983e-004	-1.504477e-001
7.262399999999982e-004	-1.508052e-001
7.272399999999981e-004	-1.510934e-001
7.282399999999981e-004	-1.513256e-001
7.292399999999980e-004	-1.515128e-001
7.302399999999979e-004	-1.516636e-001
7.312399999999978e-004	-1.517852e-001
7.322399999999977e-004	-1.518832e-001
7.332399999999976e-004	-1.519622e-001
7.342399999999976e-004	-1.520258e-001
7.352399999999975e-004	-1.520771e-001
7.372399999999973e-004	-1.521517e-001
7.392399999999971e-004	-1.522002e-001
7.422399999999969e-004	-1.522430e-001
7.462399999999965e-004	-1.522702e-001
7.542399999999959e-004	-1.522865e-001
8.000000000000002e-004	-1.522901e-001
8.001000000000002e-004	-1.514401e-001
8.003000000000001e-004	-1.482012e-001
8.006000000000001e-004	-1.390395e-001
8.010000000000001e-004	-1.216170e-001
8.012799999999999e-004	-1.057784e-001
8.016000000000000e-004	-8.903150e-002
8.022400000000001e-004	-5.899629e-002
8.032400000000000e-004	-1.875604e-002
8.042399999999999e-004	1.443848e-002
8.052399999999998e-004	4.119101e-002
8.062399999999997e-004	6.275175e-002
8.072399999999997e-004	8.012824e-002
8.082399999999996e-004	9.413251e-002
8.092399999999995e-004	1.054190e-001
8.102399999999994e-004	1.145152e-001
8.112399999999993e-004	1.218461e-001
8.122399999999992e-004	1.277543e-001
8.132399999999992e-004	1.325159e-001
8.142399999999991e-004	1.363534e-001
8.152399999999990e-004	1.394462e-001
8.162399999999989e-004	1.419388e-001
8.172399999999988e-004	1.439476e-001
8.182399999999987e-004	1.455666e-001
8.192399999999986e-004	1.468714e-001
8.202399999999986e-004	1.479230e-001
8.212399999999985e-004	1.487705e-001
8.222399999999984e-004	1.494536e-001
8.232399999999983e-004	1.500040e-001
8.242399999999982e-004	1.504477e-001
8.252399999999981e-004	1.508052e-001
8.262399999999981e-004	1.510934e-001
8.272399999999980e-004	1.513256e-001
8.282399999999979e-004	1.515128e-001
8.292399999999978e-004	1.516636e-001
8.302399999999977e-004	1.517852e-001
8.312399999999976e-004	1.518832e-001
8.322399999999976e-004	1.519622e-001
8.332399999999975e-004	1.520258e-001
8.342399999999974e-004	1.520771e-001
8.352399999999973e-004	1.521184e-001
8.372399999999971e-004	1.521786e-001
8.402399999999969e-004	1.522317e-001
8.442399999999965e-004	1.522655e-001
8.512399999999960e-004	1.522846e-001
9.010000000000001e-004	1.522901e-001
9.011000000000002e-004	1.514401e-001
9.013000000000001e-004	1.482012e-001
9.016000000000000e-004	1.390395e-001
9.020000000000002e-004	1.216170e-001
9.022800000000001e-004	1.057784e-001
9.026000000000002e-004	8.903150e-002
9.032400000000003e-004	5.899629e-002
9.042400000000002e-004	1.875604e-002
9.052400000000001e-004	-1.443848e-002
9.062400000000000e-004	-4.119101e-002
9.072399999999999e-004	-6.275175e-002
9.082399999999998e-004	-8.012824e-002
9.092399999999997e-004	-9.413251e-002
9.102399999999997e-004	-1.054190e-001
9.112399999999996e-004	-1.145152e-001
9.122399999999995e-004	-1.218461e-001
9.132399999999994e-004	-1.277543e-001
9.142399999999993e-004	-1.325159e-001
9.152399999999992e-004	-1.363534e-001
9.162399999999992e-004	-1.394462e-001
9.172399999999991e-004	-1.419388e-001
9.182399999999990e-004	-1.439476e-001
9.192399999999989e-004	-1.455666e-001
9.202399999999988e-004	-1.468714e-001
9.212399999999987e-004	-1.479230e-001
9.222399999999987e-004	-1.487705e-001
9.232399999999986e-004	-1.494536e-001
9.242399999999985e-004	-1.500040e-001
9.252399999999984e-004	-1.504477e-001
9.262399999999983e-004	-1.508052e-001
9.272399999999982e-004	-1.510934e-001
9.282399999999982e-004	-1.513256e-001
9.292399999999981e-004	-1.515128e-001
9.302399999999980e-004	-1.516636e-001
9.312399999999979e-004	-1.517852e-001
9.322399999999978e-004	-1.518832e-001
9.332399999999977e-004	-1.519622e-001
9.342399999999976e-004	-1.520258e-001
9.352399999999976e-004	-1.520771e-001
9.372399999999974e-004	-1.521517e-001
9.392399999999972e-004	-1.522002e-001
9.422399999999970e-004	-1.522430e-001
9.462399999999966e-004	-1.522702e-001
9.542399999999964e-004	-1.522865e-001
9.989999999999999e-004	-1.522901e-001
1.000000000000000e-003	-1.522901e-001
